0.364551,0.466963,0.747065,0.624007,0.289609,0.8124,0.653582,0.112063,0.810745,0.411259,-0.332252,0.877659,0.689089,-0.188229,0.949135,0.662851,-0.0111386,0.930414
0.364551,0.466963,0.747065,0.624007,0.289609,0.8124,0.653582,0.112063,0.810745,0.411259,-0.332252,0.877659,0.689089,-0.188229,0.949135,0.662851,-0.0111386,0.930414
0.364551,0.466963,0.747065,0.624007,0.289609,0.8124,0.653582,0.112063,0.810745,0.411259,-0.332252,0.877659,0.689089,-0.188229,0.949135,0.662851,-0.0111386,0.930414
0.364551,0.466963,0.747065,0.624007,0.289609,0.8124,0.653582,0.112063,0.810745,0.411259,-0.332252,0.877659,0.689089,-0.188229,0.949135,0.662851,-0.0111386,0.930414
0.364551,0.466963,0.747065,0.624007,0.289609,0.8124,0.653582,0.112063,0.810745,0.411259,-0.332252,0.877659,0.689089,-0.188229,0.949135,0.662851,-0.0111386,0.930414
0.364551,0.466963,0.747065,0.624007,0.289609,0.8124,0.653582,0.112063,0.810745,0.411259,-0.332252,0.877659,0.689089,-0.188229,0.949135,0.662851,-0.0111386,0.930414
0.364551,0.466963,0.747065,0.624007,0.289609,0.8124,0.653582,0.112063,0.810745,0.411259,-0.332252,0.877659,0.689089,-0.188229,0.949135,0.662851,-0.0111386,0.930414
0.364551,0.466963,0.747065,0.624007,0.289609,0.8124,0.653582,0.112063,0.810745,0.411259,-0.332252,0.877659,0.689089,-0.188229,0.949135,0.662851,-0.0111386,0.930414
0.364551,0.466963,0.747065,0.624007,0.289609,0.8124,0.653582,0.112063,0.810745,0.411259,-0.332252,0.877659,0.689089,-0.188229,0.949135,0.662851,-0.0111386,0.930414
0.364665,0.466791,0.747032,0.624107,0.289407,0.812345,0.653689,0.111862,0.810701,0.416161,-0.319816,0.87373,0.697646,-0.18575,0.950108,0.677361,-0.00806272,0.929722
0.364291,0.467338,0.74693,0.623982,0.290308,0.812214,0.653772,0.112798,0.810573,0.425331,-0.293811,0.864528,0.712965,-0.179128,0.949119,0.701464,-0.000842103,0.927169
0.364598,0.466895,0.747099,0.624021,0.289495,0.812443,0.65358,0.111946,0.810762,0.423095,-0.301038,0.866621,0.71074,-0.187742,0.953023,0.696476,-0.00956621,0.93181
0.364458,0.467101,0.747065,0.624001,0.28987,0.812394,0.653673,0.11234,0.810721,0.420472,-0.310356,0.8677,0.704366,-0.189658,0.956451,0.673539,-0.013609,0.935086
0.364712,0.466723,0.747065,0.624039,0.28918,0.812405,0.653499,0.111616,0.810729,0.418332,-0.316873,0.869104,0.695203,-0.182491,0.960344,0.648912,-0.0102119,0.936319
0.364482,0.467067,0.747099,0.624033,0.289849,0.812432,0.653715,0.112321,0.810754,0.418086,-0.316304,0.870506,0.690351,-0.173731,0.963165,0.637608,-0.00351935,0.937746
0.364575,0.46693,0.747099,0.623985,0.289513,0.812449,0.653534,0.111963,0.810766,0.418895,-0.311025,0.872591,0.687376,-0.162384,0.966742,0.631131,0.00659918,0.940644
0.364527,0.466998,0.747065,0.623972,0.289628,0.812405,0.65355,0.112082,0.810729,0.422271,-0.295309,0.874185,0.684258,-0.135813,0.968866,0.622474,0.0310881,0.94191
0.364574,0.466929,0.747065,0.624016,0.289553,0.8124,0.653589,0.112007,0.810725,0.425124,-0.281386,0.87451,0.686786,-0.12088,0.968381,0.631332,0.0483743,0.94235
0.364527,0.466998,0.747065,0.623999,0.289665,0.8124,0.653602,0.112124,0.810725,0.426713,-0.274494,0.873535,0.692883,-0.120055,0.964874,0.64741,0.0523529,0.940224
0.364458,0.467101,0.747065,0.623974,0.289833,0.8124,0.653621,0.112299,0.810725,0.427524,-0.27317,0.871549,0.702154,-0.132483,0.960016,0.670073,0.0431815,0.937369
0.364551,0.466963,0.747065,0.624007,0.289609,0.8124,0.653595,0.112065,0.810725,0.42697,-0.277812,0.870506,0.708696,-0.151988,0.959045,0.686549,0.0255016,0.93887
0.364574,0.466929,0.747065,0.624016,0.289553,0.8124,0.653589,0.112007,0.810725,0.422235,-0.301164,0.869593,0.710095,-0.189941,0.957951,0.692228,-0.0117679,0.939645
0.364551,0.466963,0.747065,0.624007,0.289609,0.8124,0.653595,0.112065,0.810725,0.419579,-0.310872,0.870376,0.705557,-0.196193,0.960408,0.677466,-0.0193567,0.941969
0.364527,0.466998,0.747065,0.623999,0.289665,0.8124,0.653602,0.112124,0.810725,0.417738,-0.317293,0.870767,0.699292,-0.192104,0.960745,0.658053,-0.0182,0.939375
0.364527,0.466998,0.747065,0.623999,0.289665,0.8124,0.653602,0.112124,0.810725,0.417552,-0.317075,0.871614,0.693093,-0.178837,0.961103,0.641479,-0.00814348,0.936617
0.364504,0.467032,0.747065,0.624018,0.289758,0.812394,0.65366,0.112224,0.810721,0.418873,-0.310521,0.873112,0.688395,-0.160932,0.962678,0.62968,0.00715589,0.93624
0.364574,0.466929,0.747065,0.624016,0.289553,0.8124,0.653589,0.112007,0.810725,0.421993,-0.296317,0.874347,0.685684,-0.13655,0.963691,0.626701,0.0314152,0.937071
0.364574,0.466929,0.747065,0.624016,0.289553,0.8124,0.653589,0.112007,0.810725,0.424147,-0.286227,0.87451,0.684656,-0.120858,0.962993,0.626464,0.0473451,0.936134
0.364504,0.467032,0.747065,0.623991,0.289721,0.8124,0.653608,0.112182,0.810725,0.425753,-0.279872,0.873372,0.689313,-0.117595,0.958477,0.642319,0.0542674,0.932886
0.364549,0.466962,0.747031,0.624038,0.289649,0.812351,0.653651,0.112109,0.810684,0.426055,-0.281078,0.871516,0.700802,-0.13715,0.954221,0.671624,0.0389658,0.931161
0.364549,0.466962,0.747031,0.624011,0.289611,0.812356,0.653599,0.112068,0.810688,0.42383,-0.292281,0.871158,0.707448,-0.167386,0.954843,0.690069,0.010541,0.933871
0.364549,0.466962,0.747031,0.624011,0.289611,0.812356,0.653606,0.112069,0.81069,0.420008,-0.308489,0.871028,0.708192,-0.194842,0.955141,0.696036,-0.0161764,0.93695
0.364597,0.466894,0.747065,0.624024,0.289497,0.8124,0.65359,0.11195,0.810727,0.414897,-0.326396,0.871549,0.704568,-0.21758,0.956938,0.688914,-0.0389063,0.941756
0.364574,0.466929,0.747065,0.624016,0.289553,0.8124,0.653604,0.112009,0.810729,0.411614,-0.336322,0.872265,0.698796,-0.22144,0.958111,0.671823,-0.0440926,0.943265
0.364551,0.466963,0.747065,0.624007,0.289609,0.8124,0.65361,0.112068,0.810729,0.410591,-0.338906,0.872884,0.694163,-0.215218,0.958494,0.657487,-0.0396591,0.943198
0.364527,0.466998,0.747065,0.623999,0.289665,0.8124,0.653617,0.112126,0.810729,0.410414,-0.338848,0.873535,0.68885,-0.203509,0.958373,0.643552,-0.0300296,0.942469
0.364574,0.466929,0.747065,0.623989,0.289516,0.812405,0.653552,0.111968,0.810733,0.410888,-0.336848,0.87412,0.684465,-0.191485,0.95818,0.632837,-0.0198344,0.941729
0.364551,0.466963,0.747065,0.624007,0.289609,0.8124,0.653603,0.112067,0.810727,0.413092,-0.329167,0.874802,0.680517,-0.172408,0.958177,0.621856,-0.00311191,0.940917
0.364527,0.466998,0.747065,0.623999,0.289665,0.8124,0.653609,0.112125,0.810727,0.418758,-0.307382,0.876199,0.676807,-0.135111,0.958505,0.61397,0.0327295,0.941739
0.364527,0.466998,0.747065,0.623999,0.289665,0.8124,0.653594,0.112123,0.810723,0.422971,-0.288726,0.876686,0.679103,-0.112813,0.95726,0.626163,0.0586952,0.943764
0.364481,0.467066,0.747065,0.623982,0.289777,0.8124,0.653607,0.112239,0.810723,0.424614,-0.281327,0.876264,0.686674,-0.11375,0.955531,0.646601,0.0613926,0.944603
0.364527,0.466998,0.747065,0.623999,0.289665,0.8124,0.653594,0.112123,0.810723,0.424996,-0.281157,0.875095,0.693558,-0.123397,0.95273,0.663315,0.0537663,0.9428
0.364527,0.466998,0.747065,0.623999,0.289665,0.8124,0.653594,0.112123,0.810723,0.424352,-0.286392,0.873697,0.700885,-0.142306,0.949921,0.681181,0.03637,0.940616
0.364597,0.466894,0.747065,0.624024,0.289497,0.8124,0.653583,0.111949,0.810725,0.420689,-0.303231,0.873209,0.705007,-0.175218,0.94948,0.694824,0.00427273,0.94057
0.364597,0.466894,0.747065,0.624024,0.289497,0.8124,0.653583,0.111949,0.810725,0.416733,-0.318266,0.873274,0.701996,-0.191793,0.948575,0.688906,-0.0126178,0.937396
0.364481,0.467066,0.747065,0.623982,0.289777,0.8124,0.653614,0.11224,0.810725,0.41445,-0.325592,0.87386,0.697614,-0.19393,0.948184,0.679091,-0.0153855,0.934816
0.364597,0.466894,0.747065,0.624024,0.289497,0.8124,0.653583,0.111949,0.810725,0.411242,-0.33397,0.875972,0.690862,-0.193601,0.947735,0.666677,-0.0160815,0.930359
0.364574,0.466929,0.747065,0.624016,0.289553,0.8124,0.653589,0.112007,0.810725,0.41151,-0.332289,0.876816,0.689245,-0.187756,0.947627,0.662701,-0.0107068,0.928942
