0.375009,0.450982,0.764051,0.512119,0.167561,0.701487,0.570702,0.00038942,0.669522,0.433388,-0.274216,0.835471,0.482858,-0.0607316,1.07003,0.526482,0.0481093,0.933463
0.361892,0.470916,0.766756,0.505296,0.190177,0.706243,0.5654,0.0232918,0.675638,0.436669,-0.255401,0.834081,0.479558,-0.0429571,1.07087,0.520361,0.0720632,0.938562
0.352498,0.483906,0.769832,0.502519,0.20635,0.710693,0.564255,0.0398958,0.681001,0.437517,-0.250951,0.832889,0.479872,-0.0417081,1.07261,0.520452,0.0786649,0.945077
0.343367,0.495743,0.772266,0.499576,0.221426,0.714041,0.562994,0.0555139,0.684868,0.437747,-0.25131,0.831563,0.480877,-0.0433284,1.07224,0.521787,0.0811032,0.948775
0.346109,0.491897,0.775576,0.500241,0.215989,0.719374,0.562225,0.049408,0.690934,0.437298,-0.251293,0.833717,0.47895,-0.0458157,1.07679,0.521367,0.0796228,0.954865
0.372195,0.454106,0.778582,0.506358,0.167431,0.725117,0.562108,-0.00142036,0.697168,0.434866,-0.25511,0.842272,0.473318,-0.0507547,1.08681,0.520437,0.0628,0.955342
0.394559,0.414956,0.777366,0.50926,0.119925,0.724065,0.556901,-0.051365,0.695956,0.432799,-0.26415,0.8453,0.473414,-0.0591136,1.08892,0.521886,0.0402491,0.946874
0.414615,0.371612,0.769494,0.51004,0.0703142,0.713326,0.546085,-0.103614,0.684177,0.4307,-0.282068,0.840854,0.482673,-0.076757,1.08207,0.529996,0.00824449,0.93063
0.419395,0.359734,0.763036,0.511918,0.0582482,0.703146,0.546457,-0.115679,0.672223,0.428968,-0.295621,0.835967,0.489422,-0.0916706,1.07636,0.536753,-0.00953948,0.923346
0.414555,0.372524,0.761751,0.513599,0.0735525,0.699723,0.551431,-0.0994836,0.667672,0.429197,-0.29538,0.835173,0.490012,-0.092311,1.07622,0.537552,-0.00788337,0.924527
0.408127,0.387666,0.765403,0.510564,0.089855,0.703306,0.548686,-0.0831046,0.671184,0.431173,-0.2871,0.83428,0.488283,-0.0862206,1.07806,0.536025,0.00742538,0.931935
0.395435,0.414055,0.770914,0.507432,0.119385,0.710356,0.548103,-0.0531704,0.679204,0.433826,-0.276531,0.831464,0.487646,-0.0796058,1.07918,0.53515,0.0279066,0.942859
0.381287,0.439296,0.77713,0.508983,0.15072,0.718318,0.555424,-0.0205391,0.688094,0.435104,-0.271206,0.829839,0.488034,-0.0792984,1.08165,0.535385,0.0378394,0.953449
0.367392,0.461199,0.781451,0.5097,0.179349,0.72357,0.561303,0.00949353,0.6938,0.436054,-0.268013,0.827781,0.489194,-0.0776009,1.08069,0.536834,0.046994,0.959827
0.346956,0.489526,0.785902,0.509099,0.218578,0.728126,0.569799,0.0518922,0.69761,0.436675,-0.265589,0.826618,0.489697,-0.075765,1.07999,0.536756,0.0510501,0.961231
0.344713,0.491503,0.792033,0.510837,0.222982,0.734237,0.573814,0.0573484,0.702623,0.436349,-0.266075,0.82788,0.48846,-0.0774551,1.08234,0.535849,0.0492633,0.963607
0.361317,0.468069,0.794792,0.521041,0.19553,0.737768,0.581131,0.0288566,0.706001,0.434621,-0.267612,0.835007,0.482426,-0.07939,1.0906,0.534801,0.0408119,0.967279
0.39102,0.419128,0.791966,0.533859,0.137344,0.735084,0.586481,-0.0319017,0.70367,0.43245,-0.272852,0.840689,0.480496,-0.0846481,1.09625,0.538525,0.0200276,0.961805
0.407739,0.385198,0.786812,0.537682,0.0976352,0.727961,0.584965,-0.0730973,0.696107,0.431099,-0.28136,0.839733,0.486617,-0.0940737,1.09445,0.545238,0.000223771,0.952779
0.413982,0.371317,0.781046,0.539832,0.082532,0.719353,0.585688,-0.088394,0.686467,0.430104,-0.289039,0.837289,0.492422,-0.102479,1.09097,0.550675,-0.0123862,0.946434
0.415606,0.367998,0.776657,0.540802,0.0793903,0.712843,0.586254,-0.091495,0.679193,0.429441,-0.29435,0.835107,0.496484,-0.108746,1.08828,0.55422,-0.0195875,0.942964
0.41323,0.37418,0.775745,0.541929,0.087227,0.711437,0.588949,-0.0832056,0.677646,0.429904,-0.292409,0.834941,0.497493,-0.104956,1.0866,0.555501,-0.014083,0.942462
0.403771,0.396151,0.775914,0.543891,0.114878,0.710394,0.594439,-0.0544826,0.67631,0.431935,-0.284469,0.83322,0.498498,-0.0947643,1.08346,0.55616,0.00135042,0.942621
0.396084,0.412018,0.77686,0.542724,0.134179,0.710952,0.594418,-0.0348517,0.676949,0.434311,-0.273759,0.83153,0.497903,-0.0823445,1.08125,0.554153,0.0185083,0.943171
0.385781,0.430999,0.780101,0.54217,0.1584,0.714731,0.595048,-0.0103612,0.681211,0.436414,-0.263522,0.829574,0.497212,-0.0711316,1.07923,0.55275,0.0372372,0.946676
0.374083,0.450312,0.78398,0.543188,0.185158,0.719652,0.599618,0.0174919,0.686432,0.437007,-0.261383,0.828246,0.497817,-0.0691859,1.07805,0.554344,0.045393,0.95126
0.361748,0.468663,0.787958,0.544529,0.212527,0.7245,0.607232,0.0471836,0.690888,0.437411,-0.260948,0.826518,0.499357,-0.0691737,1.07637,0.556252,0.0488358,0.952934
0.354828,0.47768,0.79311,0.545026,0.226785,0.73052,0.612098,0.0633801,0.695875,0.43735,-0.261187,0.826651,0.499072,-0.0695597,1.07667,0.556328,0.0494789,0.954395
0.357951,0.472813,0.795499,0.54689,0.220872,0.733301,0.614282,0.0576971,0.698197,0.436394,-0.263478,0.829706,0.49704,-0.0718279,1.07997,0.555421,0.0454099,0.956494
0.370402,0.454098,0.795465,0.549772,0.195203,0.733491,0.6135,0.0305586,0.698406,0.434639,-0.266748,0.83557,0.49259,-0.0746925,1.08616,0.553606,0.0362249,0.958201
0.390121,0.420194,0.794792,0.555552,0.151988,0.733644,0.615373,-0.0141962,0.698943,0.430755,-0.280094,0.842239,0.490126,-0.0874542,1.09205,0.555993,0.0141386,0.958857
0.405923,0.388011,0.792437,0.555547,0.110739,0.731005,0.610559,-0.0571347,0.69648,0.427237,-0.29328,0.84553,0.4903,-0.099824,1.0938,0.558041,-0.00848383,0.954274
0.417004,0.361718,0.788362,0.551755,0.0772609,0.725378,0.602119,-0.0919886,0.690478,0.424532,-0.302588,0.847732,0.490204,-0.108565,1.09488,0.557087,-0.0281329,0.948398
0.423897,0.343682,0.781957,0.547093,0.0542916,0.717793,0.592281,-0.116402,0.682839,0.424124,-0.304947,0.847075,0.491907,-0.109666,1.09266,0.555591,-0.0393169,0.939704
0.423355,0.347034,0.773854,0.544639,0.0568864,0.709466,0.588849,-0.114199,0.675181,0.424877,-0.304632,0.844379,0.495092,-0.11002,1.08981,0.55661,-0.0407845,0.935468
0.416202,0.367119,0.77257,0.544108,0.0793864,0.710191,0.589743,-0.0916319,0.677477,0.425775,-0.301387,0.843918,0.494642,-0.106989,1.0899,0.556986,-0.0301772,0.939525
0.406559,0.39037,0.773077,0.545341,0.107344,0.712439,0.592508,-0.0635423,0.681244,0.426934,-0.298492,0.841942,0.494909,-0.105908,1.0896,0.557072,-0.0202763,0.943983
0.40263,0.39877,0.774867,0.545984,0.117649,0.716033,0.592517,-0.0536277,0.686051,0.427783,-0.295771,0.840986,0.495056,-0.105777,1.09082,0.55783,-0.0139176,0.949325
0.391378,0.421092,0.777299,0.548164,0.146357,0.722708,0.596589,-0.0248089,0.695191,0.428688,-0.294808,0.838016,0.497483,-0.10902,1.09059,0.561492,-0.00617606,0.957447
0.384894,0.432731,0.779088,0.549573,0.162267,0.726447,0.601251,-0.00808172,0.699788,0.428808,-0.296002,0.836297,0.499514,-0.112089,1.08971,0.56433,-0.00509002,0.960288
0.382704,0.436578,0.779122,0.549628,0.167437,0.726772,0.602718,-0.00250142,0.700271,0.42876,-0.296408,0.836099,0.499613,-0.112657,1.08959,0.564167,-0.00543762,0.960217
0.380259,0.440804,0.778987,0.549521,0.173103,0.726761,0.604053,0.00360655,0.700355,0.428881,-0.29581,0.836165,0.499318,-0.111946,1.08969,0.563743,-0.00437996,0.96054
0.378274,0.444148,0.779021,0.549466,0.17766,0.726883,0.605192,0.00854416,0.700529,0.428917,-0.295651,0.836165,0.49925,-0.111746,1.08969,0.5637,-0.00386014,0.960819
0.378125,0.444397,0.779021,0.549472,0.178008,0.726883,0.605296,0.00892442,0.700529,0.42891,-0.295649,0.836198,0.499179,-0.111723,1.08972,0.563643,-0.00383886,0.96086
0.378062,0.444503,0.779021,0.549474,0.178157,0.726883,0.60534,0.00908741,0.700529,0.428887,-0.295686,0.836264,0.499086,-0.111738,1.08979,0.563585,-0.00386456,0.960939
0.377762,0.444998,0.779054,0.549526,0.178878,0.726921,0.605615,0.00988314,0.700564,0.428873,-0.295683,0.83633,0.49903,-0.111726,1.08986,0.56355,-0.00385677,0.961016
0.377719,0.445069,0.779054,0.549567,0.179002,0.726925,0.605709,0.0100246,0.700568,0.428866,-0.295681,0.836364,0.498987,-0.111756,1.08993,0.563519,-0.00386734,0.961104
0.377632,0.44521,0.779088,0.549611,0.179227,0.726963,0.605835,0.0102771,0.700604,0.428851,-0.295678,0.83643,0.498888,-0.111726,1.09,0.563445,-0.00384216,0.961183
0.377482,0.445458,0.779088,0.549655,0.1796,0.726966,0.606002,0.0106906,0.700608,0.428844,-0.295676,0.836463,0.49886,-0.11172,1.09003,0.563428,-0.00383826,0.961222
