0.365952,0.384088,0.57652,0.620679,0.200478,0.643171,0.485994,0.0945618,0.588018,0.387194,-0.164341,0.537005,0.452222,-0.0436375,0.827251,0.487092,0.111771,0.743392
0.358077,0.399669,0.576216,0.61595,0.221702,0.646001,0.480548,0.117975,0.588494,0.386291,-0.146237,0.53772,0.449406,-0.0226298,0.827165,0.481303,0.133588,0.743628
0.35014,0.415363,0.577282,0.611258,0.243864,0.651084,0.474776,0.143261,0.590652,0.384685,-0.133074,0.537491,0.447276,-0.0117468,0.828013,0.47661,0.145897,0.746233
0.344485,0.425808,0.578105,0.607407,0.258576,0.655216,0.473338,0.155679,0.593267,0.383996,-0.128402,0.537376,0.446986,-0.00869817,0.828485,0.475516,0.149629,0.747748
0.351573,0.419137,0.583892,0.60711,0.244288,0.668566,0.477978,0.136525,0.604441,0.386093,-0.131757,0.539985,0.445399,-0.0256063,0.837064,0.479094,0.133704,0.760351
0.373379,0.384467,0.591489,0.608471,0.185919,0.682878,0.481061,0.0770837,0.617138,0.391352,-0.150401,0.545298,0.440864,-0.0687732,0.851772,0.487044,0.0880145,0.776373
0.391637,0.345315,0.596343,0.609782,0.128097,0.687281,0.484265,0.0173444,0.621105,0.391613,-0.179722,0.543213,0.434298,-0.123197,0.856301,0.494826,0.0292428,0.782148
0.404661,0.307193,0.599249,0.606363,0.0736654,0.687693,0.483017,-0.0391259,0.620881,0.389355,-0.210966,0.540388,0.427027,-0.172205,0.856804,0.498976,-0.0246763,0.782921
0.415021,0.26596,0.602919,0.598841,0.0168062,0.687617,0.480386,-0.100278,0.619354,0.38448,-0.247916,0.538206,0.415743,-0.226671,0.856973,0.499424,-0.0856089,0.782818
0.420913,0.228527,0.605815,0.587478,-0.0334945,0.687312,0.475792,-0.156427,0.617929,0.379555,-0.276395,0.538149,0.405541,-0.272214,0.858068,0.497105,-0.137353,0.781724
0.423233,0.206744,0.608277,0.580143,-0.061642,0.688211,0.473643,-0.188916,0.618503,0.376534,-0.290212,0.538235,0.396177,-0.297901,0.858541,0.493962,-0.167017,0.782994
0.424631,0.182943,0.611062,0.572408,-0.0914727,0.687867,0.471057,-0.2219,0.616336,0.371499,-0.304926,0.536348,0.385405,-0.322722,0.856552,0.490309,-0.196292,0.782996
0.424572,0.170188,0.611728,0.570013,-0.107711,0.679994,0.471631,-0.237026,0.602542,0.360328,-0.316997,0.525307,0.38117,-0.339546,0.844835,0.489162,-0.216111,0.770663
0.422982,0.173113,0.607266,0.572159,-0.104873,0.666516,0.473711,-0.231917,0.585473,0.351845,-0.315722,0.513396,0.38844,-0.339837,0.83139,0.492809,-0.215723,0.753269
0.421585,0.220129,0.605878,0.594475,-0.043885,0.664586,0.495407,-0.164505,0.57494,0.354323,-0.278884,0.503898,0.41906,-0.291689,0.818041,0.5085,-0.154653,0.743064
0.41574,0.26612,0.604775,0.608299,0.0169807,0.667159,0.510295,-0.102283,0.574578,0.361798,-0.237707,0.504377,0.443833,-0.233017,0.814682,0.522234,-0.087229,0.743976
0.400834,0.321663,0.59975,0.617375,0.0942792,0.66644,0.522392,-0.0272053,0.573598,0.366203,-0.192035,0.506219,0.466242,-0.156442,0.809148,0.533714,-0.0033561,0.742723
0.388836,0.353522,0.596811,0.619383,0.14072,0.664669,0.527076,0.0175275,0.571378,0.366567,-0.169266,0.50721,0.475318,-0.112687,0.803879,0.536861,0.0440997,0.740392
0.374433,0.383375,0.592638,0.618444,0.186812,0.662369,0.527874,0.0613514,0.570408,0.365637,-0.142887,0.508633,0.480118,-0.0681137,0.799054,0.536305,0.0918098,0.738494
0.349975,0.427268,0.58997,0.611757,0.256135,0.662254,0.526489,0.126951,0.570379,0.360327,-0.0999331,0.510737,0.480007,-0.0036517,0.792602,0.530411,0.1601,0.737422
0.333226,0.453243,0.58994,0.603597,0.296975,0.664245,0.52226,0.166136,0.571155,0.355112,-0.0748181,0.51201,0.47552,0.0323182,0.789615,0.52255,0.198069,0.737512
0.313662,0.478877,0.589073,0.591912,0.337929,0.664914,0.514146,0.205736,0.570695,0.347891,-0.0478418,0.513668,0.467285,0.070596,0.787088,0.511057,0.237745,0.736638
0.303952,0.49028,0.588578,0.584649,0.355414,0.666431,0.509017,0.22247,0.571533,0.344038,-0.0348956,0.514868,0.46033,0.0875326,0.787867,0.503248,0.254829,0.737171
0.302897,0.49151,0.588578,0.583383,0.356952,0.667715,0.508125,0.223923,0.57264,0.343681,-0.0323987,0.51566,0.458808,0.0898222,0.789245,0.502738,0.256858,0.738559
0.30638,0.487733,0.589042,0.585143,0.350089,0.668955,0.510055,0.216887,0.573987,0.345134,-0.0352983,0.51607,0.459277,0.0839409,0.791378,0.504958,0.250331,0.74012
0.315904,0.477154,0.590621,0.590053,0.330958,0.671303,0.516184,0.196942,0.576523,0.349818,-0.0480194,0.51607,0.462149,0.064428,0.794958,0.512411,0.229143,0.742587
0.329998,0.460198,0.593073,0.596508,0.30092,0.674584,0.524226,0.166348,0.57937,0.357146,-0.0705292,0.516262,0.463919,0.0354526,0.799826,0.520615,0.197423,0.7455
0.348739,0.433722,0.595283,0.603723,0.256612,0.676867,0.52985,0.122535,0.582177,0.364489,-0.0996867,0.516317,0.46618,-0.00357503,0.805216,0.529338,0.155099,0.748351
0.369516,0.398676,0.597842,0.609828,0.201871,0.678831,0.532488,0.0686547,0.585708,0.370733,-0.133489,0.516947,0.466285,-0.0504062,0.811919,0.535512,0.10469,0.752311
0.382625,0.371706,0.599218,0.612525,0.162233,0.678642,0.53301,0.0291974,0.587106,0.373364,-0.160299,0.516975,0.465567,-0.086189,0.815383,0.538269,0.0664478,0.753606
0.398,0.332997,0.601349,0.612311,0.106754,0.678331,0.53042,-0.026251,0.588869,0.374623,-0.200392,0.517716,0.463292,-0.138198,0.819892,0.539673,0.0114865,0.755389
0.408715,0.297264,0.603013,0.607755,0.0566793,0.677467,0.524597,-0.0763599,0.589232,0.372572,-0.240074,0.519064,0.459886,-0.18753,0.823459,0.538168,-0.0400956,0.756116
0.414845,0.269501,0.603988,0.601557,0.0187222,0.676719,0.517502,-0.114487,0.589599,0.369239,-0.269861,0.521025,0.453867,-0.223807,0.827225,0.533897,-0.0787569,0.756827
0.418501,0.246466,0.604492,0.595934,-0.0115848,0.674976,0.511345,-0.145022,0.588725,0.364822,-0.293353,0.522217,0.447143,-0.251713,0.829675,0.528446,-0.108964,0.756106
0.420513,0.22755,0.604586,0.591826,-0.0354404,0.671883,0.506701,-0.168789,0.586023,0.360147,-0.310838,0.522439,0.441354,-0.272046,0.830565,0.523544,-0.131609,0.753608
0.420967,0.210644,0.602919,0.587925,-0.056556,0.66432,0.501347,-0.188794,0.578196,0.354413,-0.326429,0.521441,0.437401,-0.290012,0.829382,0.518461,-0.152413,0.74634
0.420597,0.206405,0.601537,0.586412,-0.0619354,0.661034,0.499051,-0.193732,0.575023,0.352343,-0.33141,0.520998,0.436117,-0.294372,0.828652,0.515253,-0.157153,0.743163
0.419802,0.213127,0.600346,0.588421,-0.0532569,0.660748,0.500498,-0.184543,0.574531,0.354525,-0.32658,0.521662,0.438106,-0.285919,0.828911,0.514896,-0.147818,0.742706
0.417509,0.23308,0.598405,0.59328,-0.0282187,0.660602,0.504589,-0.158656,0.573884,0.361089,-0.309636,0.523245,0.44569,-0.261945,0.829201,0.516405,-0.121525,0.741555
0.412625,0.259262,0.594597,0.598079,0.00486459,0.657283,0.508984,-0.125113,0.570289,0.368495,-0.285685,0.524749,0.45605,-0.229236,0.828374,0.520555,-0.0875063,0.738086
0.398333,0.308598,0.585924,0.60273,0.0701403,0.652263,0.513846,-0.0616797,0.567864,0.381322,-0.236258,0.531094,0.473692,-0.157655,0.828298,0.527908,-0.0140718,0.734253
0.393506,0.32338,0.584692,0.604042,0.0906169,0.652048,0.517106,-0.0426881,0.567954,0.383616,-0.22421,0.532792,0.476069,-0.140326,0.828523,0.527976,0.00403492,0.734366
