0.164998,0.497307,0.46248,0.36409,0.249546,0.507406,0.381488,0.0706438,0.497861,0.346871,-0.466578,0.64242,0.377875,-0.155582,0.715641,0.557323,-0.144177,0.707377
0.164998,0.497307,0.46248,0.36409,0.249546,0.507406,0.381488,0.0706438,0.497861,0.349765,-0.461934,0.641476,0.375028,-0.147783,0.702405,0.55484,-0.142764,0.695913
0.164998,0.497307,0.46248,0.36409,0.249546,0.507406,0.381488,0.0706438,0.497861,0.34968,-0.460708,0.638843,0.372744,-0.145026,0.692266,0.552421,-0.139414,0.683055
0.164998,0.497307,0.46248,0.36409,0.249546,0.507406,0.381488,0.0706438,0.497861,0.349715,-0.460198,0.637966,0.372202,-0.144254,0.690068,0.551829,-0.138182,0.6802
0.164998,0.497307,0.46248,0.36409,0.249546,0.507406,0.381488,0.0706438,0.497861,0.350514,-0.458367,0.636734,0.374027,-0.142113,0.686447,0.553576,-0.13639,0.675076
0.164998,0.497307,0.46248,0.36409,0.249546,0.507406,0.381488,0.0706438,0.497861,0.353464,-0.452589,0.634272,0.387912,-0.136503,0.678365,0.567356,-0.136581,0.664233
0.164998,0.497307,0.46248,0.36409,0.249546,0.507406,0.381488,0.0706438,0.497861,0.354542,-0.451047,0.634467,0.406314,-0.136659,0.673466,0.58569,-0.1427,0.659771
0.164998,0.497307,0.46248,0.36409,0.249546,0.507406,0.381488,0.0706438,0.497861,0.354916,-0.45067,0.634823,0.414809,-0.137439,0.671428,0.594143,-0.14511,0.657982
0.164998,0.497307,0.46248,0.36409,0.249546,0.507406,0.381488,0.0706438,0.497861,0.356384,-0.449282,0.63641,0.432626,-0.139083,0.6681,0.612181,-0.145029,0.656933
0.164998,0.497307,0.46248,0.36409,0.249546,0.507406,0.381488,0.0706438,0.497861,0.359242,-0.446066,0.638713,0.456918,-0.141463,0.665507,0.636682,-0.145578,0.65725
0.164972,0.497325,0.46248,0.364085,0.249581,0.507406,0.381498,0.0706796,0.497861,0.360427,-0.444536,0.639362,0.46929,-0.143547,0.66377,0.649121,-0.144454,0.656023
0.164972,0.497325,0.46248,0.364085,0.249581,0.507406,0.381498,0.0706796,0.497861,0.359721,-0.445609,0.639265,0.46941,-0.144929,0.663786,0.649249,-0.144938,0.656163
0.164972,0.497325,0.46248,0.364085,0.249581,0.507406,0.381498,0.0706796,0.497861,0.359721,-0.445609,0.639265,0.469464,-0.144952,0.663821,0.649304,-0.144915,0.656217
0.164972,0.497325,0.46248,0.364085,0.249581,0.507406,0.381498,0.0706796,0.497861,0.359713,-0.445603,0.639233,0.469481,-0.144964,0.663891,0.649321,-0.144942,0.656303
0.164972,0.497325,0.46248,0.364085,0.249581,0.507406,0.381498,0.0706796,0.497861,0.359692,-0.445637,0.639233,0.469496,-0.145015,0.663939,0.649337,-0.145015,0.656366
0.164972,0.497325,0.46248,0.364085,0.249581,0.507406,0.381498,0.0706796,0.497861,0.359692,-0.445637,0.639233,0.469508,-0.145024,0.663987,0.649349,-0.145038,0.656428
0.164972,0.497325,0.46248,0.364085,0.249581,0.507406,0.381498,0.0706796,0.497861,0.359349,-0.446181,0.639233,0.469576,-0.145721,0.664035,0.649417,-0.145957,0.656493
0.164972,0.497325,0.46248,0.364085,0.249581,0.507406,0.381498,0.0706796,0.497861,0.359285,-0.446282,0.639233,0.469586,-0.14585,0.664035,0.649428,-0.146131,0.656493
0.164972,0.497325,0.46248,0.364085,0.249581,0.507406,0.381498,0.0706796,0.497861,0.359301,-0.446293,0.639297,0.469621,-0.145874,0.664185,0.649453,-0.146158,0.656415
0.164972,0.497325,0.46248,0.364085,0.249581,0.507406,0.381498,0.0706796,0.497861,0.359309,-0.446298,0.63933,0.469639,-0.145887,0.66426,0.649466,-0.146171,0.65637
0.164972,0.497325,0.46248,0.364085,0.249581,0.507406,0.381498,0.0706796,0.497861,0.359309,-0.446298,0.63933,0.469639,-0.145887,0.66426,0.649465,-0.146177,0.65635
0.164972,0.497325,0.46248,0.364085,0.249581,0.507406,0.381498,0.0706796,0.497861,0.359317,-0.446303,0.639362,0.469645,-0.145891,0.664287,0.64947,-0.146186,0.65636
0.164972,0.497325,0.46248,0.364085,0.249581,0.507406,0.381498,0.0706796,0.497861,0.359317,-0.446303,0.639362,0.469657,-0.145899,0.664335,0.649481,-0.146205,0.656383
0.164972,0.497325,0.46248,0.364085,0.249581,0.507406,0.381498,0.0706796,0.497861,0.359325,-0.446308,0.639395,0.469663,-0.145903,0.664362,0.649487,-0.146217,0.656412
0.164972,0.497325,0.46248,0.364085,0.249581,0.507406,0.381498,0.0706796,0.497861,0.359325,-0.446308,0.639395,0.469663,-0.145903,0.664362,0.649485,-0.146213,0.656373
0.164972,0.497325,0.46248,0.364085,0.249581,0.507406,0.381498,0.0706796,0.497861,0.358685,-0.447232,0.639233,0.467738,-0.14641,0.664817,0.64756,-0.146518,0.656828
0.164972,0.497325,0.46248,0.364085,0.249581,0.507406,0.381498,0.0706796,0.497861,0.356297,-0.450467,0.638323,0.456648,-0.146815,0.666008,0.636435,-0.142746,0.658261
0.164972,0.497325,0.46248,0.364085,0.249581,0.507406,0.381498,0.0706796,0.497861,0.353008,-0.454829,0.63709,0.440379,-0.147477,0.66778,0.619889,-0.136382,0.660496
0.164972,0.497325,0.46248,0.364085,0.249581,0.507406,0.381498,0.0706796,0.497861,0.34991,-0.458442,0.635211,0.417693,-0.146679,0.670564,0.596595,-0.12806,0.663675
0.164972,0.497325,0.46248,0.364085,0.249581,0.507406,0.381498,0.0706796,0.497861,0.349495,-0.458403,0.634014,0.404537,-0.144341,0.67111,0.583055,-0.122504,0.663716
0.164972,0.497325,0.46248,0.364085,0.249581,0.507406,0.381498,0.0706796,0.497861,0.34897,-0.45771,0.631364,0.377824,-0.140999,0.67498,0.556498,-0.120997,0.666287
0.164972,0.497325,0.46248,0.364085,0.249581,0.507406,0.381498,0.0706796,0.497861,0.348514,-0.457546,0.62988,0.368319,-0.140588,0.676638,0.547552,-0.127456,0.666496
0.164972,0.497325,0.46248,0.364085,0.249581,0.507406,0.381498,0.0706796,0.497861,0.348813,-0.457123,0.629912,0.36903,-0.140531,0.67892,0.548463,-0.129946,0.669333
0.164972,0.497325,0.46248,0.364085,0.249581,0.507406,0.381498,0.0706796,0.497861,0.348734,-0.457551,0.63046,0.372605,-0.1436,0.692958,0.552305,-0.133842,0.689357
0.164972,0.497325,0.46248,0.364085,0.249581,0.507406,0.381498,0.0706796,0.497861,0.348729,-0.458174,0.631557,0.377428,-0.149791,0.715919,0.557153,-0.142089,0.722226
0.164972,0.497325,0.46248,0.364085,0.249581,0.507406,0.381498,0.0706796,0.497861,0.351077,-0.457201,0.636118,0.380932,-0.155449,0.741452,0.560088,-0.151878,0.758496
0.164972,0.497325,0.46248,0.364085,0.249581,0.507406,0.381498,0.0706796,0.497861,0.353697,-0.456491,0.642224,0.382683,-0.162243,0.7672,0.560537,-0.163629,0.794881
