0.217747,0.584917,0.904135,0.348464,0.32107,1.03196,0.354698,0.319686,0.852072,0.234554,-0.428997,0.483134,0.346591,-0.697378,0.619004,0.369685,-0.687787,0.440749
0.217747,0.584917,0.904135,0.348464,0.32107,1.03196,0.354698,0.319686,0.852072,0.234554,-0.428997,0.483134,0.346591,-0.697378,0.619004,0.369685,-0.687787,0.440749
0.217747,0.584917,0.904135,0.348464,0.32107,1.03196,0.354698,0.319686,0.852072,0.234554,-0.428997,0.483134,0.346591,-0.697378,0.619004,0.369685,-0.687787,0.440749
0.217747,0.584917,0.904135,0.348464,0.32107,1.03196,0.354698,0.319686,0.852072,0.234554,-0.428997,0.483134,0.346591,-0.697378,0.619004,0.369685,-0.687787,0.440749
0.217747,0.584917,0.904135,0.348464,0.32107,1.03196,0.354698,0.319686,0.852072,0.234554,-0.428997,0.483134,0.346591,-0.697378,0.619004,0.369685,-0.687787,0.440749
0.217747,0.584917,0.904135,0.348464,0.32107,1.03196,0.354698,0.319686,0.852072,0.234554,-0.428997,0.483134,0.346591,-0.697378,0.619004,0.369685,-0.687787,0.440749
0.217747,0.584917,0.904135,0.348464,0.32107,1.03196,0.354698,0.319686,0.852072,0.234554,-0.428997,0.483134,0.346591,-0.697378,0.619004,0.369685,-0.687787,0.440749
0.217747,0.584917,0.904135,0.348464,0.32107,1.03196,0.354698,0.319686,0.852072,0.234554,-0.428997,0.483134,0.346591,-0.697378,0.619004,0.369685,-0.687787,0.440749
0.21778,0.584894,0.904135,0.348443,0.32101,1.03194,0.354679,0.319642,0.852051,0.234554,-0.428997,0.483134,0.346591,-0.697378,0.619004,0.369685,-0.687787,0.440749
0.21778,0.584894,0.904135,0.348443,0.32101,1.03194,0.354679,0.319642,0.852051,0.234554,-0.428997,0.483134,0.346591,-0.697378,0.619004,0.369685,-0.687787,0.440749
0.21778,0.584894,0.904135,0.348443,0.32101,1.03194,0.354679,0.319642,0.852051,0.234554,-0.428997,0.483134,0.346591,-0.697378,0.619004,0.369685,-0.687787,0.440749
0.21778,0.584894,0.904135,0.348443,0.32101,1.03194,0.354679,0.319642,0.852051,0.234554,-0.428997,0.483134,0.346591,-0.697378,0.619004,0.369685,-0.687787,0.440749
0.21778,0.584894,0.904135,0.348443,0.32101,1.03194,0.354679,0.319642,0.852051,0.234554,-0.428997,0.483134,0.346591,-0.697378,0.619004,0.369685,-0.687787,0.440749
0.21778,0.584894,0.904135,0.348443,0.32101,1.03194,0.354679,0.319642,0.852051,0.234554,-0.428997,0.483134,0.346591,-0.697378,0.619004,0.369685,-0.687787,0.440749
0.217983,0.58477,0.904103,0.348521,0.32083,1.03192,0.354749,0.319446,0.852031,0.234554,-0.428997,0.483134,0.346591,-0.697378,0.619004,0.369685,-0.687787,0.440749
0.224677,0.581113,0.901794,0.356969,0.318241,1.03001,0.363218,0.315426,0.850136,0.234534,-0.429021,0.483134,0.346508,-0.697435,0.618989,0.369616,-0.687834,0.440737
0.248823,0.567004,0.892154,0.387952,0.307757,1.02051,0.393951,0.299715,0.840787,0.234534,-0.429021,0.483134,0.346508,-0.697435,0.618989,0.369616,-0.687834,0.440737
0.289651,0.53778,0.874592,0.441505,0.283532,0.998443,0.446794,0.269014,0.819108,0.234534,-0.429021,0.483134,0.346508,-0.697435,0.618989,0.369616,-0.687834,0.440737
0.336674,0.493256,0.851947,0.504057,0.242125,0.961298,0.508499,0.225015,0.782168,0.234534,-0.429021,0.483134,0.346508,-0.697435,0.618989,0.369616,-0.687834,0.440737
0.369336,0.452499,0.833502,0.547176,0.20141,0.92498,0.551412,0.186764,0.745626,0.234534,-0.429021,0.483134,0.346508,-0.697435,0.618989,0.369616,-0.687834,0.440737
0.395196,0.411017,0.816209,0.580639,0.158722,0.886913,0.585515,0.149848,0.707198,0.234534,-0.429021,0.483134,0.346508,-0.697435,0.618989,0.369616,-0.687834,0.440737
0.408702,0.383632,0.808089,0.597248,0.130258,0.865471,0.603454,0.127905,0.685593,0.234434,-0.429139,0.483134,0.346255,-0.697624,0.618975,0.369382,-0.68802,0.440725
0.412516,0.374294,0.80873,0.601825,0.120968,0.863766,0.610844,0.120537,0.683992,0.234614,-0.428927,0.483134,0.346615,-0.697316,0.619015,0.369747,-0.687718,0.440765
0.413208,0.371944,0.811393,0.602017,0.117736,0.864028,0.612783,0.118474,0.684352,0.234514,-0.429044,0.483134,0.346362,-0.697505,0.619,0.369512,-0.687904,0.440753
0.41321,0.371945,0.811359,0.602031,0.117734,0.863938,0.612824,0.118424,0.684264,0.234514,-0.429044,0.483134,0.346362,-0.697505,0.619,0.369512,-0.687904,0.440753
0.413226,0.371907,0.811359,0.602062,0.117708,0.863941,0.612904,0.118326,0.684269,0.234494,-0.429068,0.483134,0.34632,-0.697538,0.619,0.369471,-0.687939,0.440753
0.413226,0.371907,0.811359,0.602068,0.117703,0.863892,0.612915,0.118329,0.68422,0.234534,-0.429021,0.483134,0.346405,-0.697472,0.619,0.369554,-0.687869,0.440753
0.413241,0.371868,0.811359,0.602063,0.117649,0.863892,0.612914,0.118268,0.68422,0.234534,-0.429021,0.483134,0.346405,-0.697472,0.619,0.369554,-0.687869,0.440753
0.41304,0.372233,0.811932,0.602083,0.118193,0.864538,0.613157,0.11894,0.68488,0.234514,-0.429044,0.483134,0.346362,-0.697505,0.619,0.369512,-0.687904,0.440753
0.412848,0.372246,0.813785,0.601897,0.118281,0.866734,0.613719,0.119362,0.687126,0.234514,-0.429044,0.483134,0.346362,-0.697505,0.619,0.369512,-0.687904,0.440753
0.412588,0.372231,0.816277,0.601532,0.118278,0.86965,0.614374,0.119828,0.690115,0.234514,-0.429044,0.483134,0.346362,-0.697505,0.619,0.369512,-0.687904,0.440753
0.412317,0.372301,0.818431,0.601113,0.11833,0.872247,0.614862,0.120249,0.692784,0.234514,-0.429044,0.483134,0.346362,-0.697505,0.619,0.369512,-0.687904,0.440753
0.412212,0.372259,0.819473,0.600876,0.118236,0.873503,0.615062,0.120329,0.694075,0.234514,-0.429044,0.483134,0.346362,-0.697505,0.619,0.369512,-0.687904,0.440753
0.412153,0.372235,0.820045,0.600745,0.118184,0.874192,0.615171,0.120372,0.694784,0.234514,-0.429044,0.483134,0.346362,-0.697505,0.619,0.369512,-0.687904,0.440753
0.412142,0.372231,0.820146,0.600721,0.118174,0.874313,0.61519,0.12038,0.694909,0.234514,-0.429044,0.483134,0.346362,-0.697505,0.619,0.369512,-0.687904,0.440753
0.412142,0.372231,0.820146,0.600721,0.118174,0.874313,0.61519,0.12038,0.694909,0.234514,-0.429044,0.483134,0.346362,-0.697505,0.619,0.369512,-0.687904,0.440753
0.412157,0.372193,0.820146,0.600679,0.118092,0.87431,0.61515,0.120298,0.694906,0.234514,-0.429044,0.483134,0.346362,-0.697505,0.619,0.369512,-0.687904,0.440753
0.412173,0.372154,0.820146,0.600636,0.11801,0.874307,0.61511,0.120217,0.694903,0.234514,-0.429044,0.483134,0.346362,-0.697505,0.619,0.369512,-0.687904,0.440753
0.411833,0.372996,0.82018,0.600021,0.118731,0.874729,0.614626,0.120746,0.695334,0.234554,-0.428997,0.483134,0.346447,-0.697439,0.619,0.369595,-0.687835,0.440753
0.404515,0.390141,0.820785,0.585745,0.13309,0.884985,0.594829,0.127436,0.705303,0.234673,-0.428856,0.483134,0.3467,-0.697242,0.619,0.369844,-0.687626,0.440753
0.388562,0.419837,0.831526,0.560433,0.161765,0.914594,0.566659,0.149084,0.73515,0.234473,-0.429131,0.483157,0.346163,-0.697661,0.619016,0.369355,-0.688051,0.440775
0.361639,0.45973,0.848822,0.515133,0.198606,0.9551,0.518803,0.180161,0.776085,0.234572,-0.429013,0.483157,0.346375,-0.697497,0.619016,0.369562,-0.687877,0.440775
0.318046,0.507792,0.874526,0.441229,0.239855,1.00132,0.444489,0.222706,0.822168,0.234612,-0.428966,0.483157,0.346459,-0.697431,0.619016,0.369645,-0.687808,0.440775
0.283191,0.536696,0.893286,0.383256,0.261579,1.02496,0.387746,0.251818,0.845284,0.234592,-0.42899,0.483157,0.346417,-0.697464,0.619016,0.369604,-0.687843,0.440775
0.262717,0.550775,0.903623,0.350112,0.270902,1.03429,0.355614,0.267449,0.854409,0.234592,-0.42899,0.483157,0.346417,-0.697464,0.619016,0.369604,-0.687843,0.440775
0.257374,0.554229,0.906056,0.341802,0.273178,1.03615,0.347598,0.271504,0.856247,0.234592,-0.42899,0.483157,0.346417,-0.697464,0.619016,0.369604,-0.687843,0.440775
0.257353,0.554203,0.906152,0.341789,0.273119,1.03616,0.347592,0.271505,0.856264,0.234612,-0.428966,0.483157,0.346459,-0.697431,0.619016,0.369645,-0.687808,0.440775
0.257231,0.554305,0.906152,0.341731,0.273257,1.0362,0.347546,0.271657,0.856302,0.234612,-0.428966,0.483157,0.346459,-0.697431,0.619016,0.369645,-0.687808,0.440775
0.257262,0.55428,0.906152,0.341709,0.273233,1.03624,0.347532,0.271652,0.856339,0.234612,-0.428966,0.483157,0.346459,-0.697431,0.619016,0.369645,-0.687808,0.440775
0.257254,0.554271,0.906184,0.341694,0.273216,1.03626,0.347518,0.271677,0.856357,0.234612,-0.428966,0.483157,0.346459,-0.697431,0.619016,0.369645,-0.687808,0.440775
0.257217,0.554288,0.906216,0.341643,0.27324,1.03631,0.347488,0.271725,0.856413,0.234612,-0.428966,0.483157,0.346459,-0.697431,0.619016,0.369645,-0.687808,0.440775
0.25721,0.55428,0.906248,0.341629,0.273223,1.03633,0.347482,0.271727,0.856431,0.234612,-0.428966,0.483157,0.346459,-0.697431,0.619016,0.369645,-0.687808,0.440775
0.257172,0.554297,0.90628,0.341578,0.273247,1.03639,0.347454,0.271768,0.856488,0.234612,-0.428966,0.483157,0.346459,-0.697431,0.619016,0.369645,-0.687808,0.440775
0.257165,0.554288,0.906312,0.341564,0.27323,1.0364,0.347448,0.27177,0.856506,0.234612,-0.428966,0.483157,0.346459,-0.697431,0.619016,0.369645,-0.687808,0.440775
0.257158,0.55428,0.906344,0.34149,0.273229,1.0365,0.34742,0.271761,0.8566,0.234612,-0.428966,0.483157,0.346459,-0.697431,0.619016,0.369645,-0.687808,0.440775
0.257151,0.554272,0.906376,0.341476,0.273212,1.03651,0.347443,0.271764,0.85662,0.234612,-0.428966,0.483157,0.346459,-0.697431,0.619016,0.369645,-0.687808,0.440775
0.257137,0.554255,0.90644,0.341448,0.273179,1.03655,0.347451,0.271767,0.856657,0.234612,-0.428966,0.483157,0.346459,-0.697431,0.619016,0.369645,-0.687808,0.440775
