0.401227,0.402963,0.739018,0.603264,0.186419,0.862837,0.703246,0.0808283,0.756752,0.438236,-0.295028,0.76285,0.426277,0.0215239,0.814745,0.604527,0.00424933,0.796626
0.401067,0.403299,0.739018,0.603265,0.186907,0.862837,0.703326,0.0813904,0.756751,0.440584,-0.284552,0.749147,0.417115,0.033113,0.788887,0.596314,0.0209452,0.777071
0.401138,0.40315,0.739018,0.603265,0.18669,0.862837,0.703291,0.0811406,0.756751,0.440497,-0.284704,0.744173,0.417902,0.0328851,0.785013,0.596922,0.0205478,0.770874
0.401138,0.40315,0.739018,0.603265,0.18669,0.862837,0.703291,0.0811406,0.756751,0.440465,-0.284613,0.741805,0.41815,0.0330016,0.782598,0.597065,0.0206605,0.767196
0.401138,0.40315,0.739018,0.603265,0.18669,0.862837,0.703291,0.0811406,0.756751,0.440487,-0.283519,0.735717,0.418089,0.0340852,0.776542,0.596697,0.0222241,0.75761
0.401138,0.40315,0.739018,0.603265,0.18669,0.862837,0.703291,0.0811406,0.756751,0.440437,-0.283383,0.733891,0.418135,0.034243,0.774601,0.596628,0.0224552,0.754568
0.401138,0.40315,0.739018,0.603265,0.18669,0.862837,0.703291,0.0811406,0.756751,0.440431,-0.285071,0.744579,0.418104,0.0322351,0.787699,0.597061,0.0199428,0.772756
0.401138,0.40315,0.739018,0.603265,0.18669,0.862837,0.703291,0.0811406,0.756751,0.440275,-0.285251,0.762917,0.4159,0.0314229,0.809439,0.59536,0.0192673,0.802631
0.401138,0.40315,0.739018,0.603265,0.18669,0.862837,0.703291,0.0811406,0.756751,0.441005,-0.28054,0.767922,0.412781,0.0353219,0.817681,0.592405,0.0252504,0.811861
0.401121,0.403187,0.739018,0.603265,0.186744,0.862837,0.7033,0.081203,0.756751,0.441882,-0.276531,0.76427,0.411659,0.0391443,0.814039,0.591264,0.0305939,0.805739
0.401121,0.403187,0.739018,0.603265,0.186744,0.862837,0.7033,0.081203,0.756751,0.442318,-0.275135,0.756118,0.412506,0.04078,0.804595,0.591841,0.0326913,0.791417
0.401138,0.40315,0.739018,0.603265,0.18669,0.862837,0.703291,0.0811406,0.756751,0.442333,-0.275222,0.750501,0.41405,0.0409854,0.797978,0.593054,0.0325268,0.781065
0.401138,0.40315,0.739018,0.603265,0.18669,0.862837,0.703291,0.0811406,0.756751,0.442307,-0.275259,0.747218,0.415057,0.0411033,0.794263,0.593852,0.0323097,0.775422
0.401138,0.40315,0.739018,0.603258,0.186709,0.862882,0.703291,0.0811446,0.756819,0.442386,-0.274558,0.744038,0.415067,0.0418046,0.791044,0.593699,0.0332719,0.7706
0.401138,0.40315,0.739018,0.603258,0.186709,0.862882,0.703291,0.0811446,0.756819,0.442315,-0.274124,0.738253,0.415401,0.0423386,0.784813,0.593603,0.0340346,0.760835
0.401138,0.40315,0.739018,0.603258,0.186709,0.862882,0.703291,0.0811446,0.756819,0.442233,-0.274068,0.735717,0.415582,0.0423778,0.782544,0.593621,0.0341093,0.757365
0.401138,0.40315,0.739018,0.603258,0.186709,0.862882,0.703291,0.0811446,0.756819,0.442161,-0.273971,0.733587,0.415723,0.04228,0.781827,0.593641,0.0341218,0.755779
0.401138,0.40315,0.739018,0.603265,0.18669,0.862837,0.703291,0.0811406,0.756751,0.442095,-0.275222,0.737476,0.415999,0.0409214,0.786603,0.594146,0.0323895,0.762296
0.401138,0.40315,0.739018,0.603265,0.18669,0.862837,0.703291,0.0811406,0.756751,0.441713,-0.27848,0.746169,0.416641,0.0374187,0.797361,0.595202,0.027897,0.776741
0.401121,0.403187,0.739018,0.603265,0.186744,0.862837,0.7033,0.081203,0.756751,0.441237,-0.281132,0.754324,0.417,0.0343403,0.808463,0.595895,0.0239245,0.791496
0.401138,0.40315,0.739018,0.603265,0.18669,0.862837,0.703291,0.0811406,0.756751,0.4411,-0.281021,0.762748,0.416727,0.0334379,0.822433,0.595884,0.0227751,0.808681
0.401138,0.40315,0.739018,0.603265,0.18669,0.862837,0.703291,0.0811406,0.756751,0.44282,-0.271394,0.762985,0.413938,0.0424218,0.824029,0.593144,0.0346136,0.80905
0.401138,0.40315,0.739018,0.603265,0.18669,0.862837,0.703291,0.0811406,0.756751,0.444047,-0.264078,0.761361,0.411643,0.0493451,0.822653,0.590784,0.0438807,0.805964
0.401156,0.403112,0.739018,0.603265,0.186636,0.862837,0.703282,0.0810781,0.756751,0.444304,-0.262692,0.759399,0.412225,0.0508007,0.820506,0.591224,0.0454178,0.802328
0.401138,0.40315,0.739018,0.603265,0.18669,0.862837,0.703291,0.0811406,0.756751,0.444303,-0.263111,0.755407,0.414136,0.0507597,0.815539,0.592856,0.0446617,0.795003
0.401138,0.40315,0.739018,0.603265,0.18669,0.862837,0.703291,0.0811406,0.756751,0.444344,-0.262992,0.751685,0.416446,0.0511433,0.811533,0.594801,0.0442297,0.78826
0.401138,0.40315,0.739018,0.603265,0.18669,0.862837,0.703291,0.0811406,0.756751,0.444436,-0.262251,0.747218,0.418895,0.0522208,0.806346,0.596757,0.044503,0.779782
0.401139,0.40315,0.739052,0.603256,0.186686,0.862878,0.70329,0.0811404,0.756797,0.444426,-0.26225,0.746271,0.419175,0.0523514,0.804834,0.596959,0.0445082,0.777791
0.401121,0.403187,0.739052,0.603257,0.18674,0.862878,0.703299,0.0812028,0.756797,0.444408,-0.261786,0.741534,0.419934,0.0528187,0.800407,0.597289,0.0450345,0.770668
0.401121,0.403187,0.739052,0.603257,0.18674,0.862878,0.703299,0.0812028,0.756797,0.444314,-0.261898,0.738761,0.420643,0.0529335,0.796744,0.597706,0.0448965,0.765376
0.401121,0.403187,0.739052,0.603257,0.18674,0.862878,0.703299,0.0812028,0.756797,0.444239,-0.262012,0.737036,0.421075,0.052901,0.794779,0.597982,0.0446977,0.76258
0.401139,0.40315,0.739052,0.603256,0.186686,0.862878,0.70329,0.0811404,0.756797,0.444262,-0.260801,0.733182,0.420998,0.0538803,0.792135,0.597631,0.0461262,0.758361
0.401139,0.40315,0.739052,0.603256,0.186686,0.862878,0.70329,0.0811404,0.756797,0.444345,-0.261148,0.736427,0.420873,0.0534655,0.795658,0.597792,0.0455832,0.763448
0.401138,0.40315,0.739018,0.603265,0.18669,0.862837,0.703291,0.0811406,0.756751,0.443835,-0.266269,0.750297,0.421489,0.0474342,0.814579,0.599362,0.0382085,0.788575
0.401121,0.403187,0.739018,0.603265,0.186744,0.862837,0.7033,0.081203,0.756751,0.442998,-0.27092,0.759027,0.421963,0.0421085,0.826937,0.600309,0.03157,0.804996
0.401121,0.403187,0.739018,0.603265,0.186744,0.862837,0.7033,0.081203,0.756751,0.442883,-0.271699,0.758148,0.422613,0.041471,0.825635,0.600881,0.0305655,0.803236
0.401121,0.403187,0.739018,0.603265,0.186744,0.862837,0.7033,0.081203,0.756751,0.442958,-0.271544,0.754426,0.423294,0.0419401,0.820624,0.601324,0.0309722,0.796431
0.401121,0.403187,0.739018,0.603265,0.186744,0.862837,0.7033,0.081203,0.756751,0.442991,-0.271423,0.750602,0.423935,0.0423045,0.815816,0.601707,0.0312827,0.789825
0.401121,0.403187,0.739018,0.603265,0.186744,0.862837,0.7033,0.081203,0.756751,0.442972,-0.271294,0.745493,0.42471,0.0427398,0.809448,0.602108,0.0316447,0.781046
0.401121,0.403187,0.739018,0.603265,0.186744,0.862837,0.7033,0.081203,0.756751,0.44283,-0.271648,0.741298,0.425485,0.0426863,0.80402,0.602541,0.0313467,0.773646
0.401121,0.403187,0.739018,0.603265,0.186744,0.862837,0.7033,0.081203,0.756751,0.4428,-0.271559,0.73964,0.425663,0.0428568,0.802011,0.602584,0.0315164,0.770857
0.401138,0.40315,0.739018,0.603265,0.18669,0.862837,0.703291,0.0811406,0.756751,0.442847,-0.271105,0.738659,0.425574,0.0432797,0.801151,0.602429,0.0321094,0.769562
0.401138,0.40315,0.739018,0.603265,0.18669,0.862837,0.703291,0.0811406,0.756751,0.44272,-0.271167,0.735413,0.425997,0.0433015,0.797629,0.602577,0.0320758,0.764559
0.401138,0.40315,0.739018,0.603265,0.18669,0.862837,0.703291,0.0811406,0.756751,0.442582,-0.271312,0.73281,0.426355,0.0432498,0.794685,0.602699,0.0319382,0.760413
0.401138,0.40315,0.739018,0.603265,0.18669,0.862837,0.703291,0.0811406,0.756751,0.442564,-0.271267,0.732269,0.426397,0.0432214,0.794532,0.602701,0.0319587,0.76003
0.401138,0.40315,0.739018,0.603265,0.18669,0.862837,0.703291,0.0811406,0.756751,0.442526,-0.272605,0.736765,0.426514,0.0414416,0.801257,0.603196,0.0299113,0.768845
0.401138,0.40315,0.739018,0.603265,0.18669,0.862837,0.703291,0.0811406,0.756751,0.441947,-0.277048,0.744342,0.427518,0.0364648,0.811742,0.604713,0.023596,0.782825
