0.166754,0.572794,0.672464,0.375479,0.428334,0.868948,0.47339,0.326062,0.980096,0.335129,-0.256038,0.606157,0.500696,-0.0790708,0.816659,0.671682,-0.0229683,0.812621
0.166754,0.572794,0.672464,0.375479,0.428334,0.868948,0.473385,0.326056,0.980096,0.334261,-0.241645,0.6029,0.522703,-0.0591653,0.787917,0.696013,-0.0143026,0.769178
0.166818,0.572758,0.672464,0.375519,0.428263,0.868948,0.473402,0.325964,0.980096,0.337342,-0.226991,0.604267,0.543834,-0.0446816,0.769086,0.718698,-0.00875237,0.746025
0.166786,0.572776,0.672464,0.375499,0.428299,0.868948,0.473391,0.326007,0.980096,0.343363,-0.200563,0.608803,0.564084,-0.0239037,0.760839,0.739375,0.00531931,0.732223
0.166786,0.572776,0.672464,0.375499,0.428299,0.868948,0.473391,0.326007,0.980096,0.343322,-0.193253,0.60858,0.563972,-0.0168361,0.760998,0.739598,0.0109561,0.733017
0.166754,0.572794,0.672464,0.375479,0.428334,0.868948,0.473379,0.326051,0.980096,0.343535,-0.192767,0.608803,0.563445,-0.0158883,0.761757,0.738916,0.0122935,0.733196
0.166754,0.572794,0.672464,0.375479,0.428334,0.868948,0.473379,0.326051,0.980096,0.343672,-0.185686,0.608927,0.560381,-0.00527872,0.762328,0.735028,0.0245634,0.730584
0.166754,0.572794,0.672464,0.375479,0.428334,0.868948,0.473379,0.326051,0.980096,0.343469,-0.186633,0.608704,0.560389,-0.00677273,0.762448,0.735075,0.0224287,0.73032
0.166722,0.572812,0.672464,0.375459,0.428369,0.868948,0.473368,0.326094,0.980096,0.343472,-0.187872,0.608704,0.561074,-0.00894742,0.762574,0.735862,0.0196363,0.730449
0.166722,0.572812,0.672464,0.375459,0.428369,0.868948,0.473368,0.326094,0.980096,0.343402,-0.188981,0.608629,0.561585,-0.0106379,0.762352,0.736432,0.0174621,0.73012
0.166722,0.572812,0.672464,0.375459,0.428369,0.868948,0.473368,0.326094,0.980096,0.343371,-0.190645,0.608605,0.562078,-0.0131085,0.762518,0.737045,0.0143807,0.730413
0.166722,0.572812,0.672464,0.375459,0.428369,0.868948,0.473368,0.326094,0.980096,0.34355,-0.191331,0.608803,0.562063,-0.0140717,0.763309,0.737128,0.0133299,0.731667
0.166722,0.572812,0.672464,0.375459,0.428369,0.868948,0.473368,0.326094,0.980096,0.344054,-0.191401,0.60935,0.562084,-0.0142169,0.764624,0.737247,0.0133525,0.733673
0.166722,0.572812,0.672464,0.375459,0.428369,0.868948,0.473368,0.326093,0.980094,0.344192,-0.191369,0.609499,0.562164,-0.0144842,0.765195,0.737319,0.0135935,0.734664
0.166722,0.572812,0.672464,0.375459,0.428369,0.868948,0.473368,0.326093,0.980094,0.344169,-0.191336,0.609475,0.562178,-0.0145175,0.765194,0.737311,0.0135846,0.734557
0.166722,0.572812,0.672464,0.375459,0.428369,0.868948,0.473368,0.326093,0.980094,0.344123,-0.191369,0.609425,0.562153,-0.014526,0.765087,0.737281,0.013577,0.734417
0.166722,0.572812,0.672464,0.375459,0.428369,0.868948,0.473368,0.326093,0.980094,0.344077,-0.191434,0.609375,0.562154,-0.0145479,0.764922,0.737272,0.0135447,0.734193
0.166722,0.572812,0.672464,0.375459,0.428369,0.868948,0.473368,0.326093,0.980094,0.344031,-0.191466,0.609325,0.562149,-0.0145985,0.764836,0.737265,0.0134642,0.734069
0.166722,0.572812,0.672464,0.375459,0.428369,0.868948,0.473369,0.326093,0.980093,0.343984,-0.191531,0.609275,0.562139,-0.0146578,0.764728,0.737255,0.0133697,0.733925
0.166722,0.572812,0.672464,0.375459,0.428369,0.868948,0.473369,0.326093,0.980093,0.343938,-0.191563,0.609226,0.562114,-0.0146663,0.764621,0.737232,0.0133376,0.733803
0.166722,0.572812,0.672464,0.375459,0.428369,0.868948,0.473369,0.326093,0.980093,0.343938,-0.191596,0.609226,0.562129,-0.0147171,0.764621,0.737252,0.0132601,0.733811
0.166722,0.572812,0.672464,0.375459,0.428369,0.868948,0.473369,0.326093,0.980093,0.343937,-0.191628,0.609226,0.562124,-0.0147258,0.7646,0.737257,0.0132156,0.733814
0.166722,0.572812,0.672464,0.375459,0.428369,0.868948,0.473369,0.326093,0.980093,0.343937,-0.191661,0.609226,0.562119,-0.0147345,0.764579,0.737257,0.0131895,0.733803
0.166722,0.572812,0.672464,0.375459,0.428369,0.868948,0.473369,0.326093,0.980093,0.343937,-0.191661,0.609226,0.562119,-0.0147345,0.764579,0.737257,0.0131895,0.733803
0.166722,0.572812,0.672464,0.375459,0.428369,0.868948,0.473369,0.326093,0.980093,0.343937,-0.191694,0.609226,0.562134,-0.0147852,0.764579,0.737273,0.0131242,0.733803
0.166722,0.572812,0.672464,0.375459,0.428369,0.868948,0.473369,0.326093,0.980093,0.343936,-0.191759,0.609226,0.562124,-0.0148027,0.764537,0.737266,0.0130964,0.733763
0.166722,0.572812,0.672464,0.375459,0.428369,0.868948,0.473369,0.326093,0.980093,0.343936,-0.191792,0.609226,0.562081,-0.0147273,0.764473,0.737218,0.0131973,0.733693
0.166722,0.572812,0.672464,0.375459,0.428369,0.868948,0.473369,0.326093,0.980093,0.343936,-0.191792,0.609226,0.562062,-0.0146853,0.764452,0.737201,0.0132364,0.733682
0.166722,0.572812,0.672464,0.375459,0.428369,0.868948,0.473369,0.326093,0.980093,0.343913,-0.191791,0.609201,0.561809,-0.0145685,0.764617,0.736955,0.0134636,0.733987
0.166722,0.572812,0.672464,0.375459,0.428369,0.868948,0.473369,0.326093,0.980093,0.343868,-0.191726,0.609151,0.561566,-0.0143969,0.764724,0.736712,0.0137422,0.734195
0.166722,0.572812,0.672464,0.375459,0.428369,0.868948,0.473369,0.326093,0.980093,0.343868,-0.19166,0.609151,0.561214,-0.0142448,0.765117,0.736378,0.0140376,0.734821
0.166722,0.572812,0.672464,0.375459,0.428369,0.868948,0.473369,0.326093,0.980093,0.344144,-0.191598,0.60945,0.560822,-0.013992,0.766127,0.736023,0.0143097,0.736067
0.166722,0.572812,0.672464,0.375459,0.428369,0.868948,0.473369,0.326093,0.980093,0.344512,-0.191503,0.609848,0.56053,-0.0137409,0.767258,0.735755,0.0143135,0.737104
0.166722,0.572812,0.672464,0.375459,0.428369,0.868948,0.473369,0.326093,0.980093,0.344122,-0.191532,0.609425,0.560573,-0.0153109,0.767968,0.735549,0.014125,0.737687
0.166722,0.572812,0.672464,0.375459,0.428369,0.868948,0.473369,0.326093,0.980093,0.344145,-0.191532,0.60945,0.560573,-0.0157831,0.768547,0.73541,0.0140696,0.73787
0.166722,0.572812,0.672464,0.375459,0.428369,0.868948,0.473369,0.326093,0.980093,0.344282,-0.191533,0.609599,0.560519,-0.0158465,0.769025,0.735288,0.0141408,0.738091
0.166722,0.572812,0.672464,0.375459,0.428369,0.868948,0.473369,0.326093,0.980093,0.344306,-0.191501,0.609624,0.560315,-0.0158462,0.769394,0.735082,0.0142247,0.738537
0.166722,0.572812,0.672464,0.375459,0.428369,0.868948,0.473369,0.326093,0.980093,0.344144,-0.191663,0.60945,0.559625,-0.0160389,0.769964,0.73441,0.0142879,0.739458
0.166722,0.572812,0.672464,0.375459,0.428369,0.868948,0.473369,0.326093,0.980093,0.343373,-0.19283,0.608629,0.557272,-0.0169031,0.770919,0.732086,0.0138253,0.740988
0.16669,0.57283,0.672464,0.375439,0.428405,0.868948,0.473358,0.326136,0.980093,0.338054,-0.195597,0.603046,0.541634,-0.0155372,0.773852,0.716082,0.0162513,0.742908
0.166658,0.572848,0.672464,0.375419,0.42844,0.868948,0.473346,0.326179,0.980093,0.327159,-0.198731,0.592234,0.513765,-0.012979,0.775851,0.687389,0.0211564,0.742845
0.166658,0.572848,0.672464,0.375419,0.42844,0.868948,0.473346,0.326179,0.980093,0.316619,-0.200896,0.58252,0.486856,-0.0108358,0.777296,0.659521,0.025992,0.742217
0.166658,0.572848,0.672464,0.375419,0.42844,0.868948,0.473346,0.326179,0.980093,0.301659,-0.201975,0.569812,0.450419,-0.00817271,0.778024,0.621314,0.0333358,0.739654
0.166658,0.572848,0.672464,0.375419,0.42844,0.868948,0.473346,0.326179,0.980093,0.30207,-0.202196,0.570154,0.451934,-0.00875162,0.777906,0.622922,0.0323318,0.739498
0.166658,0.572848,0.672464,0.375419,0.42844,0.868948,0.473346,0.326179,0.980093,0.30207,-0.202196,0.570154,0.451957,-0.00879127,0.777926,0.622959,0.0323668,0.739659
0.166658,0.572848,0.672464,0.375419,0.42844,0.868948,0.473346,0.326179,0.980093,0.302072,-0.202167,0.570154,0.451978,-0.00874445,0.777896,0.622978,0.0324634,0.739678
0.166658,0.572848,0.672464,0.375419,0.42844,0.868948,0.473346,0.326179,0.980093,0.302072,-0.202167,0.570154,0.452001,-0.0087841,0.777916,0.623008,0.0324239,0.739729
0.166658,0.572848,0.672464,0.375419,0.42844,0.868948,0.473346,0.326179,0.980093,0.302098,-0.202168,0.570175,0.452009,-0.00878445,0.77795,0.623022,0.0324453,0.739809
0.166658,0.572848,0.672464,0.375419,0.42844,0.868948,0.473346,0.326179,0.980093,0.302125,-0.20214,0.570196,0.452061,-0.00877764,0.777973,0.623082,0.0324463,0.73986
0.166658,0.572848,0.672464,0.375419,0.42844,0.868948,0.473346,0.326179,0.980093,0.302178,-0.202142,0.570239,0.452079,-0.00877834,0.77804,0.623106,0.0324541,0.739968
0.166658,0.572848,0.672464,0.375419,0.42844,0.868948,0.473346,0.326179,0.980093,0.302204,-0.202143,0.570261,0.452123,-0.00877349,0.778043,0.623152,0.0324507,0.73997
