0.112092,0.418533,0.524211,0.219714,0.133579,0.625501,0.248358,0.11338,0.448947,0.14572,-0.259599,0.495472,0.368085,-0.243444,0.726413,0.477842,-0.183459,0.855856
0.112092,0.418533,0.524211,0.219714,0.133579,0.625501,0.248358,0.11338,0.448947,0.14572,-0.259599,0.495472,0.368085,-0.243444,0.726413,0.477842,-0.183459,0.855856
0.112092,0.418533,0.524211,0.219714,0.133579,0.625501,0.248358,0.11338,0.448947,0.14572,-0.259599,0.495472,0.368085,-0.243444,0.726413,0.477842,-0.183459,0.855856
0.112092,0.418533,0.524211,0.219714,0.133579,0.625501,0.248358,0.11338,0.448947,0.14572,-0.259599,0.495472,0.368085,-0.243444,0.726413,0.477842,-0.183459,0.855856
0.112092,0.418533,0.524211,0.219714,0.133579,0.625501,0.248358,0.11338,0.448947,0.145751,-0.259611,0.495481,0.368098,-0.243448,0.72644,0.477844,-0.183459,0.855889
0.112092,0.418533,0.524211,0.219714,0.133579,0.625501,0.248358,0.11338,0.448947,0.145751,-0.259611,0.495481,0.368098,-0.243448,0.72644,0.477844,-0.183459,0.855889
0.112092,0.418533,0.524211,0.219714,0.133579,0.625501,0.248358,0.11338,0.448947,0.145751,-0.259611,0.495481,0.368098,-0.243448,0.72644,0.477844,-0.183459,0.855889
0.112092,0.418533,0.524211,0.219714,0.133579,0.625501,0.248358,0.11338,0.448947,0.145751,-0.259611,0.495481,0.368098,-0.243448,0.72644,0.477844,-0.183459,0.855889
0.112092,0.418533,0.524211,0.219714,0.133579,0.625501,0.248358,0.11338,0.448947,0.155455,-0.260047,0.498217,0.377256,-0.22236,0.727182,0.46997,-0.122236,0.844568
0.110828,0.419416,0.524211,0.219984,0.135061,0.625541,0.248749,0.114996,0.448991,0.181593,-0.19855,0.502852,0.465709,-0.0529847,0.46924,0.614631,0.0460888,0.449072
0.111669,0.418866,0.524226,0.220051,0.1342,0.625515,0.248788,0.114094,0.448965,0.201842,-0.173412,0.510616,0.474025,-0.0154031,0.447442,0.616544,0.0881748,0.410567
0.111946,0.418488,0.524149,0.219821,0.133676,0.625571,0.248491,0.113424,0.449027,0.233069,-0.142366,0.526759,0.49174,0.0145495,0.419483,0.626065,0.116919,0.357216
0.111899,0.418705,0.524226,0.219949,0.133941,0.625594,0.248687,0.113763,0.449052,0.268462,-0.122962,0.549808,0.52708,0.0254345,0.43091,0.661433,0.122953,0.361344
0.111941,0.418602,0.524195,0.219907,0.133816,0.625592,0.248621,0.113605,0.449051,0.305373,-0.112411,0.579403,0.571599,0.0267557,0.466276,0.710499,0.119389,0.399002
0.111979,0.418575,0.524195,0.219898,0.133771,0.625592,0.248608,0.113555,0.449051,0.315796,-0.107527,0.589596,0.58449,0.0323891,0.483445,0.72485,0.125394,0.419814
0.111979,0.418575,0.524195,0.219898,0.133771,0.625592,0.248608,0.113555,0.449051,0.320872,-0.105185,0.594851,0.591102,0.0363433,0.494919,0.732352,0.130233,0.434643
0.111979,0.418575,0.524195,0.219898,0.133771,0.625592,0.248608,0.113555,0.449051,0.322228,-0.105173,0.596157,0.593239,0.0374938,0.500031,0.734942,0.132024,0.441856
0.111979,0.418575,0.524195,0.219898,0.133771,0.625592,0.248608,0.113555,0.449051,0.32233,-0.10541,0.596204,0.593686,0.0384978,0.502944,0.735538,0.133766,0.446358
0.111979,0.418575,0.524195,0.219898,0.133771,0.625592,0.248608,0.113555,0.449051,0.32233,-0.10541,0.596204,0.593676,0.038767,0.503331,0.73549,0.134186,0.446906
0.111979,0.418575,0.524195,0.219898,0.133771,0.625592,0.248608,0.113555,0.449051,0.322247,-0.10559,0.596085,0.595427,0.0345759,0.502453,0.734316,0.134044,0.445745
0.111979,0.418575,0.524195,0.219898,0.133771,0.625592,0.248608,0.113555,0.449051,0.322325,-0.105832,0.596109,0.596769,0.0317516,0.502344,0.733479,0.134822,0.446784
0.111979,0.418575,0.524195,0.219898,0.133771,0.625592,0.248608,0.113555,0.449051,0.3227,-0.105749,0.59649,0.597687,0.0310707,0.503197,0.733796,0.135388,0.448495
0.111979,0.418575,0.524195,0.219898,0.133771,0.625592,0.248608,0.113555,0.449051,0.320536,-0.107482,0.594047,0.595608,0.0299249,0.501875,0.731755,0.134575,0.447908
0.111979,0.418575,0.524195,0.219898,0.133771,0.625592,0.248608,0.113555,0.449051,0.300805,-0.119985,0.574272,0.575416,0.0254437,0.493772,0.710864,0.134479,0.447238
0.111979,0.418575,0.524195,0.219898,0.133771,0.625592,0.248608,0.113555,0.449051,0.273868,-0.134079,0.55207,0.546983,0.0205748,0.484758,0.68081,0.13472,0.446531
0.111979,0.418575,0.524195,0.219898,0.133771,0.625592,0.248608,0.113555,0.449051,0.253428,-0.143154,0.538062,0.524977,0.0173217,0.478483,0.657323,0.134697,0.445203
0.111979,0.418575,0.524195,0.219898,0.133771,0.625592,0.248608,0.113555,0.449051,0.233529,-0.150672,0.526365,0.503508,0.0146743,0.473329,0.634803,0.134319,0.444229
0.111979,0.418575,0.524195,0.219898,0.133771,0.625592,0.248608,0.113555,0.449051,0.209767,-0.158413,0.514531,0.47764,0.0124769,0.468906,0.607494,0.134696,0.444403
0.111979,0.418575,0.524195,0.219898,0.133771,0.625592,0.248608,0.113555,0.449051,0.194337,-0.162446,0.50797,0.461076,0.0111927,0.466246,0.590059,0.134797,0.444213
0.112035,0.418573,0.524211,0.219925,0.133739,0.625554,0.248631,0.113552,0.449008,0.178086,-0.165006,0.501957,0.442873,0.011099,0.45818,0.570711,0.135746,0.435365
0.112,0.418524,0.52418,0.219876,0.133709,0.625591,0.248575,0.113476,0.44905,0.173592,-0.165533,0.500443,0.438143,0.0118461,0.460564,0.566246,0.136604,0.439946
0.112,0.418524,0.52418,0.219876,0.133709,0.625591,0.248575,0.113476,0.44905,0.169262,-0.165932,0.499043,0.433333,0.0119288,0.458136,0.561782,0.136244,0.437007
0.112,0.418524,0.52418,0.219876,0.133709,0.625591,0.248575,0.113476,0.44905,0.167672,-0.166256,0.498537,0.431777,0.0115244,0.457506,0.560525,0.135525,0.436345
0.112,0.418524,0.52418,0.219876,0.133709,0.625591,0.248575,0.113476,0.44905,0.160298,-0.170298,0.496224,0.426497,0.00376674,0.452861,0.556802,0.125957,0.430717
0.112,0.418524,0.52418,0.219876,0.133709,0.625591,0.248575,0.113476,0.44905,0.158063,-0.17664,0.495463,0.428971,-0.00934833,0.454674,0.562583,0.109489,0.434053
0.112,0.418524,0.52418,0.219876,0.133709,0.625591,0.248575,0.113476,0.44905,0.157987,-0.175329,0.495463,0.426901,-0.00487498,0.454571,0.559113,0.115502,0.43385
0.112,0.418524,0.52418,0.219876,0.133709,0.625591,0.248575,0.113476,0.44905,0.157853,-0.174247,0.495445,0.424826,-0.000442128,0.455965,0.554847,0.122435,0.436074
0.112019,0.41851,0.52418,0.219872,0.133687,0.625591,0.248569,0.113451,0.44905,0.157744,-0.175085,0.495399,0.423975,0.0018767,0.466296,0.54984,0.129813,0.452509
0.112019,0.41851,0.52418,0.219872,0.133687,0.625591,0.248569,0.113451,0.44905,0.157948,-0.179722,0.49539,0.425382,-0.0022157,0.491983,0.548302,0.129275,0.492849
0.112019,0.41851,0.52418,0.219872,0.133687,0.625591,0.248569,0.113451,0.44905,0.158198,-0.18574,0.495417,0.427248,-0.0128141,0.5228,0.549324,0.11823,0.540823
